1
400
10
730
200
22
63
200
200
63
200
6
63
5
63
41
200
41
200
200
28
4
10
400
22
380
200
6
63
9
63
720
63
41
200
41
200
200
28
4
10
400
22
380
200
61
63
61
63
61
63
61
63
61
41
41
200
28
4
10
400
41
200
63
10
63
10
660
63
10
660
1
63
62
1
63
41
200
41
200
28
4
10
400
22
380
200
63
6
1
200
63
16
200
63
70
63
2
38
41
200
41
200
28
4
6
200
41
380
200
63
44
62
200
63
10
200
63
44
200
63
44
6
63
660
660
41
41
200
28
4
41
200
63
5
700
63
2
38
66
63
3
63
63
41
41
200
28
4
6
200
22
380
200
63
10
60
63
1
63
6
400
4
6
400
10
200
63
901
400
69
901
63
45
63
71
66
71
41
41
200
28
4
6
400
22
380
200
63
22
22
63
41
63
380
41
200
41
200
28
4
10
400
22
200
59
63
5
380
6
3
2
1
2
8
400
10
10
660
53
9
2
41
9
2
9
730
27
6
280
4
10
400
22
380
10
10
200
6
48
74
4
8
45
7
1
200
41
61
48
200
59
44
7
380
44
720
400
400
10
62
200
59
6
1
5
200
6
6
1
5
200
6
6
9
5
200
6
6
5
200
10
6
5
200
10
6
1
45
5
200
10
6
700
700
5
1
10
660
2
10
660
2
200
2
63
400
10
2
200
22
200
6
6
1
200
6
76
45
4
10
400
22
380
200
44
200
44
200
53
200
53
200
53
16
53
16
4
10
400
22
660
730
200
730
200
200
4
6
10
400
200
1
400
8
200
1
76
45
200
1
200
6
4
400
22
380
200
280
280
280
280
280
280
730
280
730
280
400
901
280
901
400
901
280
660
660
41
41
200
28
4
10
400
22
380
200
6
44
700
700
700
1
53
22
22
76
22
22
280
50
6
10
660
280
50
6
10
660
280
50
6
10
660
2
10
660
2
10
660
2
44
62
44
62
200
5
200
61
48
901
400
901
200
10
700
200
10
200
901
62
400
901
99
2
10
7
4
10
400
22
380
200
6
6
200
660
62
280
8
9
62
280
8
1
280
6
4
10
400
22
380
95
69
70
10
66
10
6
10
400
200
6
6
4
10
400
22
380
200
400
5
10
240
10
6
380
10
10
10
400
10
9
4
10
400
22
380
200
61
6
4
3
10
660
700
380
61
95
4
6
660
22
380
1
200
200
10
660
76
730
60
200
240
10
380
10
45
380
61
280
280
280
280
280
280
280
280
10
240
10
380
6
700
700
380
730
41
380
730
9
380
16
4
6
660
22
380
1
9
730
50
10
5
2
45
1
901
400
400
901
700
280
1
7
22
2
34
2
1
2
34
200
6
3
70
99
61
10
200
6
3
70
61
22
3
61
4
63
200
6
41
6
34
700
200
6
10
5
22
3
67
22
6
3
5
95
62
95
62
200
700
700
200
1
6
6
380
25
6
6
44
6
240
6
9
4
6
50
1
5
2
2
3
6
240
6
99
22
3
1
71
44
27
700
62
280
6
6
2
71
61
200
61
10
62
280
71
6
6
48
34
3
200
61
10
380
1
730
400
400
4
700
4
700
380
1
3
22
71
240
63
44
400
200
901
380
1
400
9
6
400
9
380
1
200
6
10
2
1
7
200
61
6
380
1
70
41
95
3
280
95
6
62
10
9
62
6
1
6
1
6
3
10
660
700
62
280
700
380
1
7
67
10
3
67
660
10
1
10
660
700
69
380
1
10
240
22
3
4
4
380
1
3
22
71
63
1
380
1
2
10
240
10
50
2
10
240
10
50
2
380
1
62
9
1
6
48
1
61
380
1
280
1
280
2
1
380
1
3
1
3
41
62
1
3
1
3
1
61
200
1
62
99
380
1
400
901
400
901
400
380
1
200
70
3
380
1
380
6
10
1
1
380
1
400
10
10
99
400
10
10
3
22
10
700
62
53
10
400
10
400
400
901
62
400
10
400
901
22
200
10
380
1
200
10
2
1
7
280
62
1
63
380
1
62
9
6
48
10
1
61
380
1
200
901
41
700
6
53
380
1
28
200
22
3
380
1
380
6
6
6
400
10
8
9
380
1
41
280
3
280
3
6
200
69
1
380
1
660
660
660
700
660
200
61
6
7
400
200
6
10
8
8
2
2
4
3
41
6
7
67
10
3
240
6
62
28
6
44
34
4
99
700
400
59
200
61
6
4
4
34
4
6
10
240
6
44
730
1
2
34
2
1
2
34
38
41
10
660
2
62
22
62
200
22
10
62
41
400
66
6
1
6
400
66
53
6
1
6
1
280
69
6
10
62
34
70
34
400
34
71
66
71
34
10
67
34
380
6
76
200
34
10
22
34
10
10
400
2
62
1
9
280
1
280
9
280
5
280
5
280
1
730
240
6
3
62
9
280
22
280
280
280
380
6
74
730
6
280
6
2
95
10
95
10
1
1
200
7
700
6
1
6
1
700
6
700
22
22
10
200
53
22
3
10
22
22
730
99
730
1
45
700
6
99
50
22
3
6
200
9
1
730
280
280
6
380
6
44
62
200
62
10
730
6
2
2
67
10
44
6
240
6
6
95
200
61
6
22
3
41
63
22
3
48
22
3